233
36
60
121
248
188
165
69
83
211
51
192
23
262
129
53
147
115
63
30
17
107
228
44
82
8
117
12
144
238
243
48
247
201
86
120
252
122
176
79
57
101
124
75
85
108
213
256
173
189
62
20
46
206
146
194
196
131
99
15
55
28
241
253
94
139
106
22
98
154
5
261
159
242
222
246
223
181
205
198
50
29
244
76
39
178
13
168
14
3
259
27
19
116
220
16
162
150
105
140
7
138
136
254
84
182
128
26
133
56
193
45
184
264
42
156
195
18
251
91
77
231
258
112
49
217
179
96
230
214
152
135
81
141
209
235
47
111
10
43
126
33
227
145
207
263
137
65
4
208
6
127
95
71
134
160
80
169
155
73
224
2
203
185
32
132
216
257
52
221
142
232
125
183
250
109
31
41
265
37
11
59
24
114
113
157
78
170
68
102
54
167
234
9
190
110
158
66
25
177
171
92
38
204
119
218
35
197
34
118
40
215
199
163
175
191
219
58
255
148
130
153
1
239
210
149
245
100
237
212
202
87
229
93
225
174
104
226
88
164
186
180
70
74
236
200
143
21
240
123
187
166
249
161
89
72
64
90
61
260
151
97
172
67