132
72
253
230
238
97
80
13
140
114
222
258
126
20
197
228
5
55
133
237
223
174
16
99
215
212
83
189
56
66
39
96
154
54
244
177
57
143
4
245
239
233
264
79
224
37
113
160
136
92
255
90
45
147
188
9
67
112
155
153
249
149
32
120
207
209
108
53
105
23
158
43
145
95
248
11
134
26
61
202
10
100
173
78
102
71
206
65
48
139
169
180
74
146
260
225
109
58
199
144
76
217
111
263
137
125
69
40
254
150
166
218
62
182
31
257
12
211
130
210
241
236
235
179
183
220
21
52
1
101
187
172
198
106
127
129
142
247
14
240
164
25
167
73
193
44
170
186
226
265
27
161
229
148
219
28
15
200
8
156
227
3
84
49
190
178
122
86
2
250
93
216
18
252
116
123
165
35
141
70
138
89
98
59
75
192
19
24
87
91
124
64
118
259
41
256
194
157
262
22
29
36
104
181
119
185
243
94
85
184
38
82
152
203
115
214
68
213
242
191
201
6
231
196
42
88
175
34
30
51
159
205
261
107
168
171
47
60
176
232
63
46
204
7
246
117
121
81
195
162
234
208
135
77
151
33
128
131
251
163
50
17
221